2021-10-17 11:59:23
AD7293
021D 02 1111
0229 02 0200
0020 01 00
0021 01 00
0022 01 00
0E28 01 00
0E29 01 00
0E2A 01 00
0E2B 01 00
0E30 01 00
0E31 01 00
0E32 01 00
0E33 01 00
0E34 01 20
0E35 01 20
0E36 01 20
0E37 01 20
1F28 01 64
1F29 01 64
1F2A 01 64
1F2B 01 64
0219 02 0000
021B 02 0007
021C 02 000F
0004 01 F0
0214 02 0080
0223 02 0000
0428 02 BFF0
0429 02 BFF0
042A 02 9460
042B 02 FFF0
0628 02 0000
0629 02 0000
062A 02 0000
062B 02 0000
0710 02 0000
022F 02 0F01
1115 02 0F00
0034 02 7540
0035 02 7090
0036 02 6F60
0037 02 6660
A000 02 07D0
0229 02 0200
A000 02 07D0
0030 02 0000
0031 02 0000
0032 02 0000
0033 02 0000
0034 02 7540
0035 02 7090
0036 02 6F60
0037 02 6660
